 667265934.285714
 658896940.000000
 657300078.571429
 658363261.428571
 657732381.428571
 659917088.571429
 655980624.285714
 659480400.000000
 673698027.142857
 746456281.428571
 659215484.285714
 659942244.285714
 658317505.714286
 659283500.000000
 659389227.142857
 659199868.571429
 660946467.142857
 659611657.142857
 660049648.571429
 661472858.571429
 659224524.285714
 661728600.000000
 659880755.714286
 662743854.285714
 660693058.571429
 662955831.428571
 675102647.142857
 668342028.571429
 665471264.285714
 662494211.428571
 661964207.142857
 663190722.857143
 657357847.142857
 663459937.142857
 663188508.571429
 665108745.714286
 662988224.285714
 665792451.428571
 666036190.000000
 670919958.571429
 670761660.000000
 668525615.714286
 663304998.571429
 663113050.000000
 663377665.714286
 672621474.285714
 671957882.857143
 669365878.571429
 664223582.857143
 665875215.714286
 666771701.428571
 666866738.571429
 665621678.571429
 664858007.142857
 677648048.571429
 666425505.714286
 665493041.428571
 669251284.285714
 666157665.714286
 667354321.428571
 667378320.000000
 667962530.000000
 666126838.571429
 675158145.714286
 677678702.857143
 672874315.714286
 668142098.571429
 670024141.428571
 674953291.428571
 675312027.142857
 671208501.428571
 670237960.000000
 667109745.714286
 677220850.000000
 671022311.428571
 672737367.142857
 667807687.142857
 676351044.285714
 683700074.285714
 673394355.714286
 669225421.428571
 669150901.428571
 667992958.571429
 669331608.571429
 671144618.571429
 669168188.571429
 669403241.428571
 671761105.714286
 680707961.428571
 678799692.857143
 667096004.285714
 671019255.714286
 671887787.142857
 671109868.571429
 671532078.571429
 672145895.714286
 670078535.714286
 672269647.142857
 670616551.428571
 671933358.571429
 670680441.428571
 674488670.000000
 672213324.285714
 674129648.571429
 673646032.857143
 672149814.285714
 682283551.428571
 683455694.285714
 678381474.285714
 676114754.285714
 674352278.571429
 677228047.142857
 671869511.428571
 676088381.428571
 681632965.714286
 682887112.857143
 674220885.714286
 675608422.857143
 673920250.000000
 682667992.857143
 683018190.000000
 678815202.857143
 683785982.857143
 683193357.142857
 678849894.285714
 675543668.571429
 673937914.285714
 677135972.857143
 675818490.000000
 676079741.428571
 683692410.000000
 679454628.571429
 670531667.142857
 678227620.000000
 685805924.285714
 686599780.000000
 678503701.428571
 678250847.142857
 677312872.857143
 686186710.000000
 684996964.285714
 688453250.000000
 689678047.142857
 678284097.142857
 677513798.571429
 679648875.714286
 678717547.142857
 686911757.142857
 684963670.000000
 679736702.857143
 679260730.000000
 682744752.857143
 680375861.428571
 679379827.142857
 697025292.857143
 687286610.000000
 684344890.000000
 682724712.857143
 684061725.714286
 687461581.428571
 691878032.857143
 682564227.142857
 691376742.857143
 691845814.285714
 688497841.428571
 683431421.428571
 681824624.285714
 684680001.428571
 680749757.142857
 683202651.428571
 682612165.714286
 690793401.428571
 691109380.000000
 687023382.857143
 686106970.000000
 683009930.000000
 683753157.142857
 692263174.285714
 704636452.857143
 685873421.428571
 684415428.571429
 684363117.142857
 694320701.428571
 689086611.428571
 687247822.857143
 683825138.571429
 694408985.714286
 693684680.000000
 691681125.714286
 684257561.428571
 685039224.285714
 684284320.000000
 685716481.428571
 691434750.000000
 695994895.714286
 687681055.714286
 684487931.428571
 685766735.714286
 684885350.000000
 687857948.571429
