 101504044.285714
 101177702.857143
 101066257.142857
 100992091.428571
 101031665.714286
 101209358.571429
 101125531.428571
 107446715.714286
 101802342.857143
 101108508.571429
 101011077.142857
 101319234.285714
 101069931.428571
 101216294.285714
 101325281.428571
 101234502.857143
 101109034.285714
 109252470.000000
 101086400.000000
 101251391.428571
 101101685.714286
 101296932.857143
 101140852.857143
 101165111.428571
 101352702.857143
 100856194.285714
 108490134.285714
 101113585.714286
 101145468.571429
 101215762.857143
 101034491.428571
 101162751.428571
 101136880.000000
 101443531.428571
 100951945.714286
 101227468.571429
 125785602.857143
 101124317.142857
 101625945.714286
 101188748.571429
 100931137.142857
 101258460.000000
 101246005.714286
 101101565.714286
 101054308.571429
 115571777.142857
 100980980.000000
 101044108.571429
 101131854.285714
 101161097.142857
 101320272.857143
 101154074.285714
 100987665.714286
 101362700.000000
 109665574.285714
 101265005.714286
 101157800.000000
 101097348.571429
 101313205.714286
 101330565.714286
 101238505.714286
 101078514.285714
 101034182.857143
 101078265.714286
 110733951.428571
 101367892.857143
 101160311.428571
 101328828.571429
 101157162.857143
 101152162.857143
 101285611.428571
 101469538.571429
 101423340.000000
 109489851.428571
 101338128.571429
 101219625.714286
 101388294.285714
 101144511.428571
 101290230.000000
 101445988.571429
 101341634.285714
 101379154.285714
 109816947.142857
 102150097.142857
 101029420.000000
 101626082.857143
 101292654.285714
 101440705.714286
 101265608.571429
 101295734.285714
 101538851.428571
 101339651.428571
 109795785.714286
 103987852.857143
 101402972.857143
 101114137.142857
 101581831.428571
 101417877.142857
 101397971.428571
 101559808.571429
 101186271.428571
 107794688.571429
 101204374.285714
 101176617.142857
 101737984.285714
 101298177.142857
 101321951.428571
 101069914.285714
 101244322.857143
 101015260.000000
 108990517.142857
 101087925.714286
 101166037.142857
 101043422.857143
 101131911.428571
 101104922.857143
 101038211.428571
 101182031.428571
 101249880.000000
 101208077.142857
 109282541.428571
 101131431.428571
 101019110.000000
 101230630.000000
 101370568.571429
 101273591.428571
 101317622.857143
 101145540.000000
 101176285.714286
 138812164.285714
 101216888.571429
 101220442.857143
 100952674.285714
 100868270.000000
 101220225.714286
 101003228.571429
 101204988.571429
 101066134.285714
 101195761.428571
 114684012.857143
 101119791.428571
 100971048.571429
 101197794.285714
 101129822.857143
 101170411.428571
 101218937.142857
 101007127.142857
 100967537.142857
 108415772.857143
 101029802.857143
 101434202.857143
 101053588.571429
 101023117.142857
 101305327.142857
 101093954.285714
 101363531.428571
 101421300.000000
 109236457.142857
 102379971.428571
 101346137.142857
 101466720.000000
 101288598.571429
 100980865.714286
 101200897.142857
 101103028.571429
 101343685.714286
 101497505.714286
 110290227.142857
 101243660.000000
 101299780.000000
 101332831.428571
 101244611.428571
 101267060.000000
 101178200.000000
 101221791.428571
 101308217.142857
 122605741.428571
 102392648.571429
 101034584.285714
 101265657.142857
 101164680.000000
 101432931.428571
 101150082.857143
 101025045.714286
 101205097.142857
 108598910.000000
 101845825.714286
 101141524.285714
 101088674.285714
 101233271.428571
 101093371.428571
 101224697.142857
 101183391.428571
 101183382.857143
 101046834.285714
 109849861.428571
 100974922.857143
 101171465.714286
 101511831.428571
 101080997.142857
