 87806187.142857
 87719305.714286
 87644588.571429
 87750921.428571
 87550982.857143
 98486131.428571
 87813817.142857
 87809741.428571
 87750140.000000
 87710377.142857
 87907340.000000
 87919650.000000
 87862822.857143
 88023591.428571
 87910891.428571
 87688654.285714
 101052935.714286
 87941677.142857
 87838534.285714
 88059340.000000
 87954651.428571
 87908411.428571
 87921874.285714
 87964405.714286
 87794968.571429
 88095988.571429
 101207865.714286
 87951028.571429
 87723534.285714
 87852865.714286
 87855011.428571
 88224617.142857
 87953028.571429
 87995774.285714
 87732534.285714
 88030920.000000
 87932388.571429
 100252587.142857
 87918148.571429
 87877942.857143
 87956131.428571
 87953100.000000
 87732920.000000
 87895278.571429
 87800662.857143
 87858811.428571
 87896554.285714
 87910305.714286
 101096374.285714
 87804745.714286
 87940005.714286
 88279822.857143
 88329181.428571
 88409775.714286
 88466832.857143
 88437822.857143
 88403791.428571
 88254771.428571
 88381768.571429
 128489504.285714
 87807942.857143
 88084642.857143
 87654265.714286
 87861167.142857
 87888871.428571
 87847414.285714
 87883805.714286
 87904214.285714
 87609594.285714
 104648987.142857
 87990131.428571
 87881442.857143
 87941882.857143
 87803308.571429
 87943260.000000
 88001188.571429
 87818400.000000
 87894688.571429
 87820825.714286
 87803045.714286
 99669962.857143
 87919974.285714
 87835462.857143
 87970842.857143
 87861907.142857
 87833405.714286
 87764431.428571
 87767637.142857
 87760388.571429
 87840485.714286
 87770411.428571
 101120652.857143
 88069871.428571
 87763525.714286
 87785574.285714
 87857108.571429
 87747957.142857
 88009742.857143
 87913427.142857
 87879831.428571
 87807582.857143
 87633951.428571
 93133862.857143
 89544902.857143
 89676414.285714
 89509260.000000
 89489931.428571
 89472394.285714
 89845565.714286
 89534757.142857
 89641240.000000
 89724802.857143
 110678058.571429
 87706731.428571
 87881434.285714
 87800948.571429
 87903094.285714
 87920108.571429
 87840737.142857
 87683417.142857
 87800088.571429
 87686877.142857
 87873934.285714
 118376818.571429
 87821042.857143
 87722571.428571
 87763948.571429
 87651105.714286
 87784402.857143
 87845551.428571
 87791351.428571
 87813862.857143
 87818854.285714
 87812908.571429
 104371912.857143
 87986345.714286
 87709820.000000
 87875505.714286
 87869045.714286
 87874828.571429
 87793714.285714
 87810694.285714
 87954951.428571
 87762411.428571
 87810511.428571
 96689254.285714
 90886051.428571
 91025288.571429
 91094120.000000
 90916540.000000
 90895731.428571
 90863362.857143
 91014420.000000
 91015282.857143
 90936868.571429
 107601364.285714
 87685562.857143
 87804725.714286
 87784005.714286
 87929225.714286
 87821058.571429
 87844757.142857
 87819865.714286
 87784875.714286
 87752228.571429
 87846865.714286
 101298158.571429
 87895291.428571
 87778128.571429
 87685902.857143
 88135964.285714
 88319312.857143
 88462204.285714
 88493651.428571
 88301720.000000
 88172812.857143
 88290505.714286
 114878652.857143
 87705771.428571
 87845391.428571
 88026111.428571
 87801848.571429
 87788860.000000
 87648897.142857
 87812122.857143
 87868771.428571
 87660288.571429
 100938142.857143
 87979857.142857
 87819928.571429
 87763974.285714
 87899502.857143
 87733354.285714
 87827311.428571
 87639131.428571
 87730237.142857
 87847368.571429
 87725271.428571
 100343720.000000
 87748511.428571
