 159605594.285714
 107070344.285714
 106158395.714286
 106595902.857143
 105335587.142857
 105593200.000000
 105776927.142857
 105544542.857143
 105959445.714286
 105837821.428571
 106028945.714286
 106277717.142857
 105743691.428571
 106420121.428571
 105676668.571429
 105736554.285714
 105698220.000000
 105785567.142857
 105843968.571429
 105408668.571429
 105787872.857143
 105834331.428571
 105966538.571429
 107828685.714286
 105797478.571429
 105776572.857143
 105361032.857143
 106135332.857143
 105988111.428571
 105839731.428571
 105820097.142857
 106152268.571429
 105692890.000000
 106218922.857143
 105618514.285714
 105740451.428571
 105656832.857143
 105880964.285714
 105991847.142857
 105277470.000000
 106253630.000000
 105745307.142857
 105338335.714286
 106914470.000000
 105881792.857143
 105906738.571429
 106002380.000000
 105984197.142857
 106216998.571429
 105611762.857143
 105680348.571429
 106046297.142857
 105660781.428571
 106436451.428571
 105818700.000000
 105602284.285714
 105826225.714286
 105802154.285714
 105537814.285714
 105712462.857143
 105809897.142857
 105778888.571429
 105858468.571429
 106697321.428571
 106004131.428571
 106016220.000000
 105551982.857143
 105877260.000000
 105709010.000000
 105726181.428571
 106388317.142857
 105996561.428571
 106810032.857143
 106389762.857143
 106121017.142857
 106024187.142857
 106058197.142857
 105294515.714286
 106394817.142857
 105430485.714286
 105312302.857143
 105833814.285714
 105705491.428571
 106695857.142857
 105776071.428571
 105819432.857143
 106012855.714286
 106009732.857143
 105876130.000000
 105527957.142857
 105641674.285714
 105726760.000000
 105629361.428571
 106688847.142857
 105980558.571429
 105200871.428571
 106164892.857143
 105574520.000000
 107015234.285714
 105649064.285714
 105810138.571429
 105959127.142857
 105358862.857143
 106849995.714286
 106152954.285714
 105673290.000000
 105191445.714286
 106055291.428571
 105892914.285714
 104936117.142857
 105764202.857143
 105071375.714286
 105821382.857143
 106052150.000000
 105550640.000000
 105570991.428571
 105337588.571429
 105248912.857143
 105853160.000000
 105366372.857143
 105961738.571429
 105496574.285714
 106024095.714286
 107070370.000000
 105255474.285714
 105620842.857143
 105984591.428571
 105695425.714286
 105808777.142857
 105245885.714286
 105297850.000000
 105432282.857143
 105439941.428571
 105842758.571429
 105429922.857143
 105757315.714286
 105460381.428571
 105718634.285714
 105517741.428571
 105885487.142857
 105617735.714286
 106131001.428571
 105413988.571429
 106853668.571429
 106406765.714286
 105261064.285714
 105198745.714286
 105566615.714286
 106777637.142857
 105494602.857143
 105208045.714286
 105477928.571429
 104683594.285714
 107094672.857143
 105618778.571429
 105255830.000000
 105288514.285714
 105706045.714286
 105571861.428571
 105547148.571429
 105251738.571429
 105786944.285714
 105275618.571429
 106747127.142857
 105250928.571429
 103929271.428571
 105029487.142857
 105944754.285714
 107092641.428571
 105330955.714286
 106125522.857143
 106028437.142857
 105536281.428571
 107384234.285714
 105694398.571429
 105544602.857143
 105759682.857143
 106040548.571429
 106118814.285714
 105669847.142857
 105641827.142857
 105656130.000000
 105885515.714286
 106297568.571429
 105212781.428571
 105158184.285714
 105520207.142857
 105213070.000000
 105103610.000000
 106307032.857143
 105872594.285714
 105172405.714286
 105974604.285714
 106271044.285714
 105543955.714286
 105942702.857143
 105767177.142857
 105991834.285714
 106911831.428571
 106180552.857143
