 93042410.000000
 92902808.571429
 92870454.285714
 93006608.571429
 92616928.571429
 93003285.714286
 93099008.571429
 92725760.000000
 92722825.714286
 92772660.000000
 92965125.714286
 92885158.571429
 92889934.285714
 99679624.285714
 93007965.714286
 93069191.428571
 92697277.142857
 92928837.142857
 92788082.857143
 92976071.428571
 92732111.428571
 92818240.000000
 93057437.142857
 97023790.000000
 92801800.000000
 92876900.000000
 92812911.428571
 92853191.428571
 92892694.285714
 92871311.428571
 92807371.428571
 92792982.857143
 92827222.857143
 92830074.285714
 110642397.142857
 92827180.000000
 92833505.714286
 92916817.142857
 92982021.428571
 93096231.428571
 93067854.285714
 92964105.714286
 92800392.857143
 92904305.714286
 98566058.571429
 92812407.142857
 92843297.142857
 93005240.000000
 92766042.857143
 92906508.571429
 93020868.571429
 92863511.428571
 92979888.571429
 92998194.285714
 99216594.285714
 92837174.285714
 92886805.714286
 92635022.857143
 92877554.285714
 92896117.142857
 92799074.285714
 92989188.571429
 93002377.142857
 92904901.428571
 98788970.000000
 93249365.714286
 93071221.428571
 93052225.714286
 93157174.285714
 93010074.285714
 93171868.571429
 93109020.000000
 93031691.428571
 93073857.142857
 99056815.714286
 93040191.428571
 93041077.142857
 93126540.000000
 92970428.571429
 93092288.571429
 93076311.428571
 93026631.428571
 92993962.857143
 93158422.857143
 100453275.714286
 92979145.714286
 93182185.714286
 93007048.571429
 93107374.285714
 93212458.571429
 93224654.285714
 93054302.857143
 93166982.857143
 93195171.428571
 93050682.857143
 98753815.714286
 93173334.285714
 92981890.000000
 93077174.285714
 93248062.857143
 93010205.714286
 93076691.428571
 93069371.428571
 93073251.428571
 93312285.714286
 122847530.000000
 92908754.285714
 93177822.857143
 93047962.857143
 93037551.428571
 93152320.000000
 93037511.428571
 93050165.714286
 93266762.857143
 92987471.428571
 103336007.142857
 93077825.714286
 93482874.285714
 93225865.714286
 92926880.000000
 93069160.000000
 93118317.142857
 93153008.571429
 93006117.142857
 93106345.714286
 98777995.714286
 92958415.714286
 93260985.714286
 93098162.857143
 93099257.142857
 93036977.142857
 93140102.857143
 93186190.000000
 93189668.571429
 93013902.857143
 98900892.857143
 93181861.428571
 92952340.000000
 92928651.428571
 93236951.428571
 93101605.714286
 93331474.285714
 93055374.285714
 93087268.571429
 92963842.857143
 99327781.428571
 92983594.285714
 93070557.142857
 93288460.000000
 92889525.714286
 93182854.285714
 93661138.571429
 93690472.857143
 93611965.714286
 93655737.142857
 93696137.142857
 113050531.428571
 92989114.285714
 93204454.285714
 93119002.857143
 92963152.857143
 93356065.714286
 93261380.000000
 93168802.857143
 92952365.714286
 93205225.714286
 98413417.142857
 92934945.714286
 93216911.428571
 92989451.428571
 93256465.714286
 93072591.428571
 93149785.714286
 93047777.142857
 93047865.714286
 93245414.285714
 98934474.285714
 93112131.428571
 93101914.285714
 93077788.571429
 93051731.428571
 93022482.857143
 93091871.428571
 93109280.000000
 93178962.857143
 93194120.000000
 98829391.428571
 92963960.000000
 93260214.285714
 93163244.285714
 93310280.000000
 93231757.142857
 93316588.571429
 92868682.857143
 93238221.428571
 92949377.142857
 112684428.571429
 93195365.714286
 92978451.428571
 92995965.714286
