 3472000002.857143
 3880426311.428571
 3844005655.714286
 3850358742.857143
 3847056577.142857
 3844395777.142857
 3841114435.714286
 3843177248.571429
 3844423268.571429
 3840041694.285714
 3846271022.857143
 3851898562.857143
 3838469422.857143
 3844856327.142857
 3842595271.428571
 3841137960.000000
 3846125580.000000
 3852654867.142857
 3837346614.285714
 3849453122.857143
 3837964144.285714
 3840439202.857143
 3842978714.285714
 3851868975.714286
 3839432538.571429
 3845224554.285714
 3842643722.857143
 3838822620.000000
 3850376117.142857
 3839984714.285714
 3840946620.000000
 3846405981.428571
 3852210445.714286
 3838442952.857143
 3846329904.285714
 3841814421.428571
 3722945232.857143
 3469957528.571429
 3892948940.000000
 3841510761.428571
 3837636940.000000
 3845355031.428571
 3844880344.285714
 3839225281.428571
 3852318977.142857
 3842397528.571429
 3839759735.714286
 3846880148.571429
 3841378085.714286
 3838030685.714286
 3854818751.428571
 3842518864.285714
 3838876965.714286
 3843784725.714286
 3851018070.000000
 3838341181.428571
 3846406938.571429
 3840510971.428571
 3840286428.571429
 3845607522.857143
 3841487721.428571
 3849200018.571429
 3844119144.285714
 3843986001.428571
 3836510902.857143
 3848047638.571429
 3740546954.285714
 3459915001.428571
 3896531214.285714
 3841962081.428571
 3840981242.857143
 3842371951.428571
 3842174330.000000
 3839628491.428571
 3846639177.142857
 3850399158.571429
 3839027647.142857
 3847409102.857143
 3843441785.714286
 3846353101.428571
 3843602678.571429
 3843629578.571429
 3838174371.428571
 3850764560.000000
 3838209687.142857
 3848768177.142857
 3837451177.142857
 3872551342.857143
 3847218610.000000
 3836839585.714286
 3842309724.285714
 3837620128.571429
 3847755065.714286
 3849826327.142857
 3837375531.428571
 3846791950.000000
 3746116365.714286
 3442062624.285714
 3887461325.714286
 3840477228.571429
 3844670052.857143
 3850309644.285714
 3842330310.000000
 3839197241.428571
 3846428871.428571
 3845145662.857143
 3838861945.714286
 3843192214.285714
 3844842567.142857
 3838230050.000000
 3847630821.428571
 3852441121.428571
 3837320017.142857
 3846456441.428571
 3841944770.000000
 3838199037.142857
 3844727550.000000
 3841800627.142857
 3696207268.571429
 3847860635.714286
 3839478505.714286
 3839276498.571429
 3845954957.142857
 3844065327.142857
 3837887590.000000
 3853225055.714286
 3763608147.142857
 3424528224.285714
 3888685140.000000
 3847575942.857143
 3841681774.285714
 3834947648.571429
 3853280202.857143
 3838661624.285714
 3844009141.428571
 3843179272.857143
 3840277018.571429
 3846432604.285714
 3840596252.857143
 3840233854.285714
 3854333552.857143
 3842707302.857143
 3837418610.000000
 3845178918.571429
 3851024090.000000
 3838701471.428571
 3848107094.285714
 3840220372.857143
 3839256741.428571
 3845658405.714286
 3841988474.285714
 3839141831.428571
 3854805967.142857
 3843992645.714286
 3838068674.285714
 3847494684.285714
 3842769435.714286
 3847369364.285714
 3846996642.857143
 3841943680.000000
 3838773304.285714
 3846121502.857143
 3842559932.857143
 3839352561.428571
 3848017887.142857
 3850194088.571429
 3838945728.571429
 3845491932.857143
 3841964542.857143
 3838704765.714286
 3853543545.714286
 3843775947.142857
 3837851502.857143
 3848834210.000000
 3839363425.714286
 3848928914.285714
 3844460530.000000
 3841996678.571429
 3839480515.714286
 3844323721.428571
 3843766472.857143
 3838103675.714286
 3858624237.142857
 3838496401.428571
 3838122557.142857
 3845689041.428571
 3842031345.714286
 3840312985.714286
 3854311872.857143
 3841706075.714286
 3839202905.714286
 3848886821.428571
 3840781822.857143
 3838970507.142857
 3845102487.142857
 3851814144.285714
 3723018408.571429
 3840121757.142857
 3838497940.000000
 3840269391.428571
