 4135615117.142857
 3812994655.714286
 3841299034.285714
 3842957657.142857
 3842837282.857143
 3843375152.857143
 3839301710.000000
 3845471030.000000
 3851379600.000000
 3845253801.428571
 3843761277.142857
 3842793054.285714
 3840243958.571429
 3844424945.714286
 3852437581.428571
 3842218217.142857
 3801370507.142857
 3441826177.142857
 3843499325.714286
 3843206692.857143
 3843021130.000000
 3840756288.571429
 3848122882.857143
 3839817955.714286
 3842123724.285714
 3847909015.714286
 3856283201.428571
 3836735755.714286
 3847903721.428571
 3848061438.571429
 3842673837.142857
 3844049005.714286
 3844372432.857143
 3840506552.857143
 3845015935.714286
 3852221114.285714
 3842502927.142857
 3840029857.142857
 3846740310.000000
 3839146234.285714
 3859048054.285714
 3861512000.000000
 3831056010.000000
 3844739217.142857
 3844650891.428571
 3838509867.142857
 3806392364.285714
 3358815532.857143
 3837626711.428571
 3844817342.857143
 3853519648.571429
 3839372681.428571
 3844084240.000000
 3843204135.714286
 3842375271.428571
 3840772908.571429
 3854677748.571429
 3839971330.000000
 3847938322.857143
 3841738470.000000
 3840311450.000000
 3843325891.428571
 3852740422.857143
 3840500111.428571
 3846746301.428571
 3839711385.714286
 3842456997.142857
 3846019922.857143
 3843597860.000000
 3839017078.571429
 3844964452.857143
 3854634787.142857
 3844036344.285714
 3840228474.285714
 3843468212.857143
 3839242454.285714
 3843796537.142857
 3853354081.428571
 3841682968.571429
 3841564711.428571
 3842511558.571429
 3841158470.000000
 3847952427.142857
 3849324010.000000
 3840568337.142857
 3842972530.000000
 3846460917.142857
 3837688618.571429
 3845317361.428571
 3850037925.714286
 3847498535.714286
 3841340850.000000
 3841180520.000000
 3841395052.857143
 3844387421.428571
 3853870292.857143
 3876082492.857143
 3776629121.428571
 3853879448.571429
 3844694561.428571
 3848457491.428571
 3842096042.857143
 3844917724.285714
 3841568921.428571
 3849801951.428571
 3841650054.285714
 3844924811.428571
 3402338488.571429
 3849633711.428571
 3847967052.857143
 3843971571.428571
 3845977540.000000
 3845855148.571429
 3841387988.571429
 3848495127.142857
 3848435532.857143
 3849035215.714286
 3837977758.571429
 3850330172.857143
 3838173485.714286
 3851588867.142857
 3845569181.428571
 3844853170.000000
 3839685614.285714
 3847065801.428571
 3850204451.428571
 3845067787.142857
 3841930731.428571
 3847169448.571429
 3845569411.428571
 3844725527.142857
 3843960402.857143
 3847032635.714286
 3846338565.714286
 3850023985.714286
 3839126144.285714
 3854969564.285714
 3842060155.714286
 3844932757.142857
 3849354817.142857
 3842823640.000000
 3843207177.142857
 3846786735.714286
 3847956664.285714
 3848885232.857143
 3830612138.571429
 3854938384.285714
 3844707957.142857
 3843318467.142857
 3845734822.857143
 3844984698.571429
 3843920190.000000
 3848915245.714286
 3842914405.714286
 3845948584.285714
 3844241270.000000
 3846169918.571429
 3844366745.714286
 3845164928.571429
 3845482232.857143
 3850848028.571429
 3837071045.714286
 3845675945.714286
 3846604730.000000
 3847040615.714286
 3841904495.714286
 3866968051.428571
 3881622107.142857
 3843469394.285714
 3838922335.714286
 3846869935.714286
 3842480235.714286
 3840762031.428571
 3846059708.571429
 3854189752.857143
 3840722885.714286
 3848674532.857143
 3839953587.142857
 3839345061.428571
 3847052118.571429
 3852963478.571429
 3841059787.142857
 3845366811.428571
 3840822592.857143
 3844058471.428571
 3848969475.714286
 3838441174.285714
 3850099768.571429
 3836708477.142857
 3851449741.428571
 3840527095.714286
 3846534574.285714
 3842053515.714286
 3841459498.571429
 3849627501.428571
 3848392308.571429
 3796059980.000000
 3436899154.285714
 3842590851.428571
 3839328867.142857
