 3441744777.142857
 3800376702.857143
 3836226860.000000
 3843185361.428571
 3842764961.428571
 3850397587.142857
 3842213125.714286
 3847274275.714286
 3837327002.857143
 3855210322.857143
 3842941194.285714
 3849673128.571429
 3839745184.285714
 3849720878.571429
 3840966040.000000
 3844023535.714286
 3853405022.857143
 3840660864.285714
 3849536012.857143
 3841875552.857143
 3843701390.000000
 3844293791.428571
 3854746900.000000
 3839079148.571429
 3846529764.285714
 3848297742.857143
 3842121294.285714
 3848268257.142857
 3843744837.142857
 3392601945.714286
 3843392755.714286
 3839001175.714286
 3855358441.428571
 3849924400.000000
 3837807507.142857
 3841832910.000000
 3848377711.428571
 3842466697.142857
 3849920564.285714
 3841671602.857143
 3862856402.857143
 3842402942.857143
 3850800252.857143
 3840732044.285714
 3852955268.571429
 3853374617.142857
 3852061157.142857
 3844063525.714286
 3855944052.857143
 3838315022.857143
 3851897630.000000
 3853547127.142857
 3845240991.428571
 3845474074.285714
 3846450354.285714
 3859515558.571429
 3850176660.000000
 3844903072.857143
 3854831252.857143
 3399776281.428571
 3854949422.857143
 3849032622.857143
 3843901711.428571
 3848103505.714286
 3851377920.000000
 3849033927.142857
 3846321092.857143
 3859829234.285714
 3860623987.142857
 3815239902.857143
 3843118735.714286
 3847064158.571429
 3850017322.857143
 3855076084.285714
 3851040401.428571
 3849665415.714286
 3849016828.571429
 3851713244.285714
 3852830812.857143
 3849407288.571429
 3847539810.000000
 3844082244.285714
 3853693358.571429
 3849310680.000000
 3843983875.714286
 3853914327.142857
 3853126542.857143
 3854408600.000000
 3856614735.714286
 3392049792.857143
 3846309170.000000
 3846028048.571429
 3851524474.285714
 3849780968.571429
 3845181005.714286
 3858158548.571429
 3841245478.571429
 3849221851.428571
 3855724811.428571
 3846166235.714286
 3855931055.714286
 3851895427.142857
 3851498515.714286
 3852386720.000000
 3838439322.857143
 3855398295.714286
 3848378955.714286
 3848358581.428571
 3842051888.571429
 3845472331.428571
 3854757697.142857
 3845867875.714286
 3846129637.142857
 3852702651.428571
 3859660045.714286
 3713330580.000000
 3844602882.857143
 3845815190.000000
 3851987127.142857
 3407679857.142857
 3849957432.857143
 3854440232.857143
 3853684180.000000
 3839735020.000000
 3847767844.285714
 3855260140.000000
 3843452802.857143
 3858261941.428571
 3848501111.428571
 3851604544.285714
 3843315205.714286
 3856491775.714286
 3853145688.571429
 3856597085.714286
 3840707582.857143
 3846097795.714286
 3845523017.142857
 3853824565.714286
 3847774815.714286
 3846885041.428571
 3850387178.571429
 3851935084.285714
 3844749822.857143
 3858338658.571429
 3862196097.142857
 3883102657.142857
 3838657184.285714
 3847371134.285714
 3851641515.714286
 3415993302.857143
 3854556735.714286
 3847087057.142857
 3843591012.857143
 3850593821.428571
 3846628390.000000
 3848323121.428571
 3847049830.000000
 3842410057.142857
 3851888985.714286
 3847487867.142857
 3851273765.714286
 3842404988.571429
 3857085265.714286
 3845162354.285714
 3855315882.857143
 3841989065.714286
 3847998327.142857
 3850162140.000000
 3849121694.285714
 3845792520.000000
 3845416000.000000
 3851172758.571429
 3849646404.285714
 3847500661.428571
 3856850175.714286
 3845265541.428571
 3850356937.142857
 3848611150.000000
 3856092387.142857
 3399226315.714286
 3851242007.142857
 3843899798.571429
 3842699075.714286
 3858689928.571429
 3854511535.714286
 3842740658.571429
 3847511888.571429
 3850578407.142857
 3846740097.142857
 3846017400.000000
 3854555048.571429
 3877141700.000000
 3832403475.714286
 3844679057.142857
 3837444032.857143
 3851979070.000000
 3844161202.857143
 3845176792.857143
 3844245302.857143
 3853378094.285714
