 131098840.000000
 131163575.714286
 132659088.571429
 134090685.714286
 133266587.142857
 133465500.000000
 133386954.285714
 133199387.142857
 133908747.142857
 133706042.857143
 133429382.857143
 133648597.142857
 133550991.428571
 134386422.857143
 133123510.000000
 134475390.000000
 133004125.714286
 133667168.571429
 133715564.285714
 133370112.857143
 132847501.428571
 134018365.714286
 134621452.857143
 133396510.000000
 133356040.000000
 133541097.142857
 134394582.857143
 134055442.857143
 134950632.857143
 148107205.714286
 132760544.285714
 134576918.571429
 133677942.857143
 134101398.571429
 133291412.857143
 134576824.285714
 136816537.142857
 133514855.714286
 133912692.857143
 133406735.714286
 133699435.714286
 133665355.714286
 133750575.714286
 137606398.571429
 132928488.571429
 133313278.571429
 133317075.714286
 133162794.285714
 133233982.857143
 133403095.714286
 133477118.571429
 133610007.142857
 133665814.285714
 133773948.571429
 133126912.857143
 133508908.571429
 133471292.857143
 133305642.857143
 135192301.428571
 133226860.000000
 133563527.142857
 133509828.571429
 133396397.142857
 133955872.857143
 133510918.571429
 137333948.571429
 133526111.428571
 133683525.714286
 133542328.571429
 133414320.000000
 133282575.714286
 133919967.142857
 146469985.714286
 133534767.142857
 135635431.428571
 133495342.857143
 133499051.428571
 133316992.857143
 132698672.857143
 135135510.000000
 133084442.857143
 133223482.857143
 133445091.428571
 132996324.285714
 133505730.000000
 133341124.285714
 134361597.142857
 133406961.428571
 133925948.571429
 133415765.714286
 133435517.142857
 133416541.428571
 133385881.428571
 133063851.428571
 134743421.428571
 133176601.428571
 134205844.285714
 133053511.428571
 133187232.857143
 133467495.714286
 133822137.142857
 134409638.571429
 133422512.857143
 134842954.285714
 134067378.571429
 134107952.857143
 135650715.714286
 135927484.285714
 142097247.142857
 133366444.285714
 135445025.714286
 133407390.000000
 135007490.000000
 133251678.571429
 133573525.714286
 136161887.142857
 133273290.000000
 133480538.571429
 134058674.285714
 133288367.142857
 133515808.571429
 133117198.571429
 134282352.857143
 133228082.857143
 133545482.857143
 133417025.714286
 133349130.000000
 133200451.428571
 133405112.857143
 134438131.428571
 133373942.857143
 133188994.285714
 133113004.285714
 134497884.285714
 133206562.857143
 133354162.857143
 133254574.285714
 134337907.142857
 133264135.714286
 133405397.142857
 133421027.142857
 133071561.428571
 133467917.142857
 133497542.857143
 135969642.857143
 133067087.142857
 134301518.571429
 135510612.857143
 136451012.857143
 136214761.428571
 136371721.428571
 138832115.714286
 133753474.285714
 133478731.428571
 133336294.285714
 133766167.142857
 134906270.000000
 133312127.142857
 135700870.000000
 133325482.857143
 133322457.142857
 133515375.714286
 133458641.428571
 133867365.714286
 133107107.142857
 134282572.857143
 133393137.142857
 133158917.142857
 133588131.428571
 133355092.857143
 133272070.000000
 133251930.000000
 134088777.142857
 133872700.000000
 133498165.714286
 133491012.857143
 133516708.571429
 133373972.857143
 134256310.000000
 133497972.857143
 135192272.857143
 132941612.857143
 133836367.142857
 133538524.285714
 133590000.000000
 133397357.142857
 132894367.142857
 135584285.714286
 133528375.714286
 135780378.571429
 135563184.285714
 135766404.285714
 136097938.571429
 134900047.142857
 138403655.714286
 133404172.857143
 133564578.571429
 133842562.857143
 133138870.000000
 133722637.142857
