 93154635.714286
 93100251.428571
 92928471.428571
 92768757.142857
 92757182.857143
 92898097.142857
 97517358.571429
 93126885.714286
 93182717.142857
 92802508.571429
 93143305.714286
 93191317.142857
 92982325.714286
 93019560.000000
 93052625.714286
 92944414.285714
 93062465.714286
 99009415.714286
 93007271.428571
 93079868.571429
 93033748.571429
 93099014.285714
 92844191.428571
 93378631.428571
 93251357.142857
 92975497.142857
 93122614.285714
 99139374.285714
 93362074.285714
 92913760.000000
 93168040.000000
 93184991.428571
 93052392.857143
 93021197.142857
 93079474.285714
 93093460.000000
 93088337.142857
 100336095.714286
 93116722.857143
 93206357.142857
 93141160.000000
 93172794.285714
 93114140.000000
 93151185.714286
 93008760.000000
 93275694.285714
 93077834.285714
 96721482.857143
 96348061.428571
 96287397.142857
 96014045.714286
 96445980.000000
 93163371.428571
 93032988.571429
 93287328.571429
 93218628.571429
 92861945.714286
 97560147.142857
 93033611.428571
 93016112.857143
 93195302.857143
 92986400.000000
 93046508.571429
 93196140.000000
 92912594.285714
 92922142.857143
 93103325.714286
 123645602.857143
 92962900.000000
 92989908.571429
 93017320.000000
 93241142.857143
 93102837.142857
 92973657.142857
 93355057.142857
 92985440.000000
 92990231.428571
 92999894.285714
 103456407.142857
 93103764.285714
 92890914.285714
 93008574.285714
 92869480.000000
 92988031.428571
 93189228.571429
 92914415.714286
 93059920.000000
 93216171.428571
 112264337.142857
 93023960.000000
 93063351.428571
 92877371.428571
 93006354.285714
 93095297.142857
 92938768.571429
 92935185.714286
 93136134.285714
 93045480.000000
 97189235.714286
 93116302.857143
 93123662.857143
 93366971.428571
 93171660.000000
 93064465.714286
 93054151.428571
 92947762.857143
 92911460.000000
 92893862.857143
 98179964.285714
 92973797.142857
 92992260.000000
 93129322.857143
 93007328.571429
 93264240.000000
 93013197.142857
 92975262.857143
 93018017.142857
 93215511.428571
 111866797.142857
 93248665.714286
 93079348.571429
 93018337.142857
 93206605.714286
 93077251.428571
 93044542.857143
 93298271.428571
 92928988.571429
 93096028.571429
 93368400.000000
 96996360.000000
 92892922.857143
 93026534.285714
 93239357.142857
 93039074.285714
 93220791.428571
 92854702.857143
 93075602.857143
 93174905.714286
 93041637.142857
 97500400.000000
 93029337.142857
 92927471.428571
 93077614.285714
 93206890.000000
 92995920.000000
 93356860.000000
 93116734.285714
 92958357.142857
 92984105.714286
 98084910.000000
 93116717.142857
 93225585.714286
 93337100.000000
 93124600.000000
 93008334.285714
 98581985.714286
 92969082.857143
 92998345.714286
 93135334.285714
 105951421.428571
 92990445.714286
 92809977.142857
 93059200.000000
 93107282.857143
 92930951.428571
 93029797.142857
 92911874.285714
 92962494.285714
 92919211.428571
 97242471.428571
 92966037.142857
 93251977.142857
 93019720.000000
 93045560.000000
 92956394.285714
 93256194.285714
 92898557.142857
 93040500.000000
 93080528.571429
 92973920.000000
 97818698.571429
 93149485.714286
 92964125.714286
 93141300.000000
 92894811.428571
 93016720.000000
 92900837.142857
 92961068.571429
 93001154.285714
 93208751.428571
 97570285.714286
 92991400.000000
 93056120.000000
 93174748.571429
 93433260.000000
 93065217.142857
 92936871.428571
 93401868.571429
 93106937.142857
 93561335.714286
