 3156709712.857143
 2888408208.571429
 2895009667.142857
 2898217244.285714
 2897166951.428571
 2882698907.142857
 2893481277.142857
 2889631251.428571
 2894965025.714286
 2888841874.285714
 2895052977.142857
 2895741891.428571
 2894052650.000000
 2888660531.428571
 2892991564.285714
 2887750055.714286
 2897475008.571429
 2893318602.857143
 2893884367.142857
 2887330718.571429
 2896051724.285714
 2888627271.428571
 2893164118.571429
 2888102550.000000
 2893849824.285714
 2887898235.714286
 2895880538.571429
 2897829557.142857
 2897368861.428571
 2885083410.000000
 2894944722.857143
 2878756510.000000
 2885607091.428571
 2887281132.857143
 2890241840.000000
 2724022905.714286
 3561024551.428571
 2894921994.285714
 2884692514.285714
 2890654221.428571
 3469055530.000000
 2820765404.285714
 2891919987.142857
 2894700550.000000
 2892402627.142857
 2884184118.571429
 2890198382.857143
 2884693048.571429
 2894469591.428571
 2888832197.142857
 2896413765.714286
 2895765384.285714
 2921779287.142857
 2891603941.428571
 2902325638.571429
 2889920830.000000
 2888620258.571429
 2891972908.571429
 2892632195.714286
 2889363457.142857
 2900389217.142857
 2893559941.428571
 2895848412.857143
 2884586575.714286
 2898068084.285714
 2898453642.857143
 2886385248.571429
 2893493784.285714
 2888550875.714286
 2891618552.857143
 2891705388.571429
 2893949282.857143
 2892743667.142857
 2888393575.714286
 2897892572.857143
 3436109782.857143
 2823568805.714286
 2865628032.857143
 2890974882.857143
 2886577868.571429
 2904854610.000000
 2886959394.285714
 2893611171.428571
 2888792332.857143
 2896031947.142857
 2889507744.285714
 2900805470.000000
 2880574650.000000
 2893601995.714286
 2887903092.857143
 2895494518.571429
 2896347445.714286
 2894464742.857143
 2887791601.428571
 2894219207.142857
 2887479008.571429
 2896452731.428571
 2889740875.714286
 2897299130.000000
 2882353511.428571
 2904068127.142857
 2886818505.714286
 2895151087.142857
 2887608047.142857
 2895199692.857143
 2885973140.000000
 2894035202.857143
 2886668431.428571
 2906586615.714286
 2885930401.428571
 2895630388.571429
 2680474371.428571
 2895462471.428571
 2888886584.285714
 2786325848.571429
 3534048374.285714
 2843239552.857143
 2901534475.714286
 2893483157.142857
 2890426961.428571
 2898020771.428571
 2885655278.571429
 2895628504.285714
 2887531221.428571
 2894098870.000000
 2897467391.428571
 2894327025.714286
 2887823194.285714
 2893730202.857143
 2887032081.428571
 2895036412.857143
 2901750901.428571
 2888448364.285714
 2893943237.142857
 2892976248.571429
 2896659802.857143
 2892917960.000000
 2889672212.857143
 2894163312.857143
 2887302434.285714
 2893746861.428571
 2888219080.000000
 2908115318.571429
 2886707484.285714
 2894336530.000000
 2887430328.571429
 2917317645.714286
 3200726900.000000
 2892466728.571429
 2887818171.428571
 2893758550.000000
 2888273595.714286
 2895488090.000000
 2893661150.000000
 3436913782.857143
 2856177397.142857
 2889783447.142857
 2891729202.857143
 2887769928.571429
 2891651880.000000
 2886647542.857143
 2892417958.571429
 2892815181.428571
 2891170448.571429
 2889330425.714286
 2890309767.142857
 2889574444.285714
 2891887104.285714
 2889270724.285714
 2893297672.857143
 2886657794.285714
 2892436420.000000
 2888173292.857143
 2890948325.714286
 2903230351.428571
 2889739918.571429
 2888655015.714286
 2891703618.571429
 2897656638.571429
 2890950105.714286
 2889730034.285714
 2890073797.142857
 2888909784.285714
 2900802555.714286
 2888475065.714286
 2890843824.285714
 2896139061.428571
 2897896495.714286
 2888922170.000000
 2891800910.000000
 2888156728.571429
 2892323488.571429
 2899259578.571429
 2896944688.571429
 3391172785.714286
 2889213567.142857
 2898137917.142857
 2891334355.714286
 2892186077.142857
 2796760527.142857
